Name                     Team	P	Age	AVG	OBP	SPC	AB	H	2B	3B	HR	R	RBI	HBP	BB	K	SB	CS
Samuel Basallo*	c	20	0.165	0.229	0.33	109	18	6	0	4	10	15	3	6	30	0	0
Bryce Eldridge*	dh	20	0.107	0.297	0.179	28	3	2	0	0	1	4	1	7	13	0	0
Roman Anthony*	rf	21	0.292	0.396	0.463	257	75	18	1	8	48	32	5	40	84	4	1
Moises Ballesteros*	dh	21	0.298	0.394	0.474	57	17	2	1	2	12	11	0	9	12	0	0
Denzer Guzman	ss	21	0.19	0.209	0.357	42	8	1	0	2	4	3	0	1	22	0	0
Carter Jensen*	dh	21	0.3	0.391	0.55	60	18	6	0	3	12	13	0	9	12	0	0
Sal Stewart	1b	21	0.255	0.293	0.545	55	14	1	0	5	11	8	0	3	15	0	0
Cole Young*	2b	21	0.211	0.302	0.305	223	47	7	1	4	24	24	2	28	47	1	0
Maximo Acosta	3b	22	0.204	0.295	0.389	54	11	1	0	3	7	5	1	6	17	1	2
Jac Caglianone*	rf	22	0.157	0.237	0.295	210	33	6	1	7	19	18	4	18	52	1	0
Owen Caissie*	rf	22	0.192	0.222	0.346	26	5	1	0	1	4	4	0	1	11	0	0
Yanquiel Fernandez*	dh	22	0.225	0.265	0.348	138	31	5	0	4	13	11	0	8	44	0	0
Harry Ford	c	22	0.167	0.25	0.167	6	1	0	0	0	1	1	1	0	3	0	0
Jhostynxon Garcia	rf	22	0.143	0.333	0.286	7	1	1	0	0	0	0	0	2	5	0	0
Brady House	3b	22	0.234	0.252	0.322	261	61	11	0	4	26	29	0	8	78	5	3
Kyle Karros	3b	22	0.226	0.308	0.277	137	31	4	0	1	20	9	2	15	41	0	0
Luke Keaschall	2b	22	0.302	0.382	0.445	182	55	14	0	4	25	28	5	19	29	14	3
Nick Kurtz*	1b	22	0.29	0.383	0.619	420	122	26	2	36	90	86	2	63	151	2	1
Daylen Lile*	rf	22	0.299	0.347	0.498	321	96	15	11	9	51	41	4	21	56	8	6
Marcelo Mayer*	3b	22	0.228	0.272	0.402	127	29	8	1	4	20	10	0	8	41	0	2
Christian Moore	2b	22	0.198	0.284	0.37	162	32	5	1	7	20	16	1	19	62	3	0
Max P. Muncy	3b	22	0.214	0.259	0.379	206	44	7	0	9	17	23	3	10	68	1	1
Alejandro Osuna*	lf	22	0.212	0.313	0.278	151	32	4	0	2	12	15	2	21	34	5	4
Edgar Quero#	c	22	0.268	0.333	0.356	365	98	17	0	5	31	36	4	32	71	0	1
Cam Smith	rf	22	0.236	0.312	0.358	441	104	21	3	9	55	51	7	43	137	8	1
Carson Williams	ss	22	0.172	0.219	0.354	99	17	3	0	5	11	12	0	6	44	2	1
Dylan Beavers*	lf	23	0.227	0.375	0.4	110	25	5	1	4	16	14	0	26	36	2	2
Warming Bernabel	1b	23	0.252	0.288	0.41	139	35	8	1	4	15	14	0	7	25	1	1
Kristian Campbell	2b	23	0.223	0.319	0.345	229	51	10	0	6	24	21	4	29	72	2	1
Tsung-Che Cheng*	ss	23	0	0	0	7	0	0	0	0	0	0	0	0	3	0	1
Jimmy Crooks*	c	23	0.133	0.152	0.244	45	6	0	1	1	3	1	1	0	17	0	0
Alex Freeland#	3b	23	0.19	0.292	0.31	84	16	2	1	2	10	6	1	11	35	1	0
Petey Halpin*	cf	23	0.333	0.5	0.333	6	2	0	0	0	5	0	0	2	2	0	0
Robert Hassell*	cf	23	0.223	0.257	0.315	197	44	9	0	3	22	18	1	8	62	4	0
C.J. Kayfus*	rf	23	0.22	0.292	0.415	123	27	10	1	4	16	19	2	11	38	4	0
Brice Matthews	2b	23	0.167	0.222	0.452	42	7	0	0	4	6	9	1	2	20	1	0
Chase Meidroth	ss	23	0.253	0.329	0.32	450	114	15	0	5	54	23	6	45	72	14	4
Victor Mesa*	rf	23	0.188	0.297	0.344	32	6	2	0	1	7	6	0	5	5	0	0
Colson Montgomery*	ss	23	0.239	0.311	0.529	255	61	9	1	21	43	55	2	25	83	0	0
Kyren Paris	cf	23	0.19	0.266	0.381	126	24	4	1	6	20	11	3	10	59	7	1
Agustin Ramirez	c	23	0.231	0.287	0.413	537	124	33	1	21	72	67	8	36	113	16	3
Matt Shaw	3b	23	0.226	0.295	0.394	393	89	21	3	13	57	44	2	38	94	17	5
Kyle Teel*	c	23	0.273	0.375	0.411	253	69	11	0	8	38	35	5	37	77	3	1
Zac Veen*	rf	23	0.118	0.189	0.235	34	4	1	0	1	1	2	1	2	14	1	1
Drake Baldwin*	c	24	0.274	0.341	0.469	405	111	18	2	19	56	80	3	38	68	0	0
Jorge Barrosa#	cf	24	0.141	0.169	0.225	71	10	3	0	1	8	7	1	2	22	0	0
Nathan Church*	cf	24	0.179	0.254	0.25	56	10	1	0	1	9	8	3	3	18	1	0
Zach Cole*	rf	24	0.255	0.327	0.553	47	12	2	0	4	9	11	0	5	20	3	0
Rafael Flores	1b	24	0.2	0.294	0.333	15	3	2	0	0	0	0	0	2	7	0	0
Cody Freeman	2b	24	0.228	0.258	0.342	114	26	4	0	3	13	15	0	5	19	1	1
Drew Gilbert*	rf	24	0.19	0.248	0.35	100	19	5	1	3	12	13	1	7	20	1	1
Matthew Lugo	cf	24	0.232	0.243	0.464	69	16	2	1	4	9	9	1	0	24	0	0
Jakob Marsee*	cf	24	0.292	0.363	0.478	209	61	18	3	5	28	33	2	22	48	14	6
Ronny Mauricio#	3b	24	0.226	0.293	0.369	168	38	6	0	6	19	10	1	15	54	4	0
Curtis Mead	3b	24	0.24	0.28	0.304	125	30	8	0	0	12	11	4	3	30	1	0
Curtis Mead	2b	24	0.226	0.318	0.339	115	26	2	1	3	14	8	4	12	33	4	1
Jacob Melton*	cf	24	0.157	0.234	0.186	70	11	0	1	0	7	7	1	6	29	7	2
Graham Pauley*	3b	24	0.224	0.311	0.366	161	36	9	1	4	18	11	0	21	36	2	0
Liover Peguero	ss	24	0.2	0.273	0.363	80	16	1	0	4	9	8	2	6	25	4	0
Ryan Ritter	ss	24	0.241	0.296	0.337	187	45	9	3	1	22	18	5	10	61	3	1
Dalton Rushing*	c	24	0.204	0.258	0.324	142	29	5	0	4	15	24	1	10	58	0	0
Chandler Simpson*	cf	24	0.295	0.326	0.345	414	122	15	3	0	53	26	0	20	43	44	12
Colby Thomas	rf	24	0.225	0.267	0.417	120	27	5	0	6	20	19	1	7	49	2	1
George Valera*	dh	24	0.22	0.333	0.415	41	9	2	0	2	7	5	0	7	13	0	0
Jorbit Vivas*	2b	24	0.161	0.266	0.25	56	9	2	0	1	6	5	3	5	13	0	0
Ben Williamson	3b	24	0.253	0.294	0.31	277	70	13	0	1	36	21	1	15	64	5	1
Jordyn Adams	cf	25	0	0	0	5	0	0	0	0	1	0	0	0	2	0	0
Will Banfield	c	25	0.1	0.1	0.1	10	1	0	0	0	0	0	0	0	6	0	0
Tyler Callihan*	lf	25	0.167	0.167	0.167	6	1	0	0	0	0	1	0	0	1	0	0
Alexander Canario	lf	25	0.218	0.274	0.338	216	47	6	1	6	25	20	0	17	80	3	1
Denzel Clarke	cf	25	0.23	0.274	0.372	148	34	8	2	3	18	8	3	6	61	6	0
Kenedy Corona	cf	25	0	0.5	0	2	0	0	0	0	0	0	0	2	1	0	0
Caleb Durbin	3b	25	0.256	0.334	0.387	445	114	25	0	11	60	53	24	30	50	18	6
Dustin Harris*	lf	25	0.2	0.256	0.35	40	8	3	0	1	5	2	0	3	13	1	1
Heriberto Hernandez	lf	25	0.266	0.347	0.438	256	68	12	1	10	40	45	3	31	77	1	1
Jeremiah Jackson	rf	25	0.276	0.328	0.447	170	47	10	2	5	20	21	2	11	50	0	2
Jarred Kelenic*	rf	25	0.167	0.231	0.3	60	10	2	0	2	7	2	0	5	23	0	1
Otto Kemp	3b	25	0.234	0.298	0.411	197	46	11	0	8	26	28	7	12	67	2	2
Jonathan Ornelas	3b	25	0.5	0.5	0.5	4	2	0	0	0	1	0	0	0	0	0	0
Jonathan Ornelas	ss	25	0	0.167	0	5	0	0	0	0	0	0	0	1	3	0	0
Tirso Ornelas*	lf	25	0.071	0.188	0.071	14	1	0	0	0	0	1	0	2	2	0	0
Oswald Peraza	3b	25	0.164	0.223	0.25	244	40	6	0	5	24	20	2	17	80	9	0
Oswald Peraza	1b	25	0.186	0.245	0.267	86	16	1	0	2	6	7	1	6	33	6	0
Oswald Peraza	3b	25	0.152	0.212	0.241	158	24	5	0	3	18	13	1	11	47	3	0
Tristan Peters*	cf	25	0	0	0	12	0	0	0	0	0	0	0	0	7	0	0
Alan Roden*	lf	25	0.191	0.261	0.294	136	26	6	1	2	17	9	6	8	37	1	1
Alan Roden*	lf	25	0.158	0.2	0.263	38	6	1	0	1	5	1	2	0	13	1	0
Alan Roden*	lf	25	0.204	0.283	0.306	98	20	5	1	1	12	8	4	8	24	0	1
Johnathan Rodriguez	rf	25	0.197	0.26	0.366	71	14	4	1	2	6	10	0	6	22	1	0
Ronny Simon#	2b	25	0.234	0.299	0.273	77	18	3	0	0	10	7	0	8	15	1	0
Ronny Simon#	rf	25	0.233	0.25	0.267	30	7	1	0	0	4	2	0	1	8	1	0
Ronny Simon#	2b	25	0.234	0.327	0.277	47	11	2	0	0	6	5	0	7	7	0	0
Rhylan Thomas*	rf	25	0.125	0.2	0.25	8	1	1	0	0	2	2	0	1	0	0	0
Luis Vazquez	ss	25	0.16	0.208	0.24	50	8	1	0	1	6	3	0	3	14	2	0
Gage Workman*	3b	25	0.188	0.235	0.25	16	3	1	0	0	0	2	0	1	7	1	0
Gage Workman*	3b	25	0.214	0.267	0.286	14	3	1	0	0	0	2	0	1	6	1	0
Gage Workman*	3b	25	0	0	0	2	0	0	0	0	0	0	0	0	1	0	0
Akil Baddoo*	lf	26	0.118	0.167	0.176	17	2	1	0	0	0	1	0	1	5	1	0
Steward Berroa#	cf	26	0	0.167	0	5	0	0	0	0	0	0	0	1	2	1	0
Dylan Carlson#	lf	26	0.203	0.278	0.336	217	44	9	1	6	17	20	2	21	54	3	3
Billy Cook	cf	26	0.333	0.333	0.333	6	2	0	0	0	1	0	0	0	1	0	0
Blake Dunn	rf	26	0.15	0.32	0.233	60	9	2	0	1	10	7	7	8	25	1	1
Tim Elko	1b	26	0.134	0.194	0.328	67	9	1	0	4	6	8	0	5	30	1	0
Justin Foscue	1b	26	0.111	0.111	0.222	9	1	1	0	0	0	2	0	0	3	0	0
Braxton Fulford	c	26	0.213	0.267	0.324	108	23	5	2	1	11	16	2	7	36	1	0
Liam Hicks*	c	26	0.247	0.346	0.346	332	82	13	1	6	37	45	9	43	56	2	0
Niko Kavadas*	1b	26	0.1	0.217	0.1	20	2	0	0	0	0	0	0	3	10	0	0
Buddy Kennedy	3b	26	0.069	0.156	0.103	29	2	1	0	0	2	1	1	2	8	0	0
Buddy Kennedy	3b	26	0.059	0.111	0.059	17	1	0	0	0	1	1	1	0	5	0	0
Buddy Kennedy	1b	26	0	0.125	0	7	0	0	0	0	0	0	0	1	2	0	0
Buddy Kennedy	3b	26	0.2	0.333	0.4	5	1	1	0	0	1	0	0	1	1	0	0
Hyeseong Kim*	2b	26	0.28	0.314	0.385	161	45	6	1	3	19	17	1	7	52	13	1
Cesar Prieto*	2b	26	0.167	0.167	0.167	6	1	0	0	0	0	0	0	0	5	0	0
Sebastian Rivero	c	26	0.182	0.206	0.242	33	6	2	0	0	4	2	0	1	9	1	0
Anthony Seigler*	3b	26	0.194	0.292	0.21	62	12	1	0	0	6	5	1	8	16	2	0
Bob Seymour*	1b	26	0.205	0.253	0.282	78	16	1	1	1	9	5	1	4	32	1	0
Chad Stevens	2b	26	0.154	0.154	0.154	13	2	0	0	0	1	0	0	0	7	0	1
Leody Taveras#	rf	26	0.174	0.198	0.272	92	16	3	0	2	6	9	0	3	27	3	2
Leody Taveras#	cf	26	0.241	0.259	0.342	79	19	3	1	1	7	8	0	2	23	6	1
Tim Tawa	2b	26	0.201	0.274	0.347	199	40	8	0	7	29	18	1	20	64	8	2
Samad Taylor	rf	26	0.125	0.125	0.125	8	1	0	0	0	1	0	0	0	1	0	0
Bryce Teodosio	cf	26	0.203	0.248	0.304	138	28	7	2	1	12	7	4	5	47	7	1
Ryan Vilade	rf	26	0.077	0.2	0.077	13	1	0	0	0	1	0	0	2	5	0	0
Ryan Vilade	rf	26	0.077	0.2	0.077	13	1	0	0	0	1	0	0	2	5	0	0
Will Wagner*	3b	26	0.225	0.324	0.279	129	29	7	0	0	15	7	2	17	28	1	0
Will Wagner*	2b	26	0.133	0.235	0.133	15	2	0	0	0	2	0	0	2	2	0	0
Will Wagner*	3b	26	0.237	0.336	0.298	114	27	7	0	0	13	7	2	15	26	1	0
Drew Waters#	lf	26	0.243	0.288	0.316	206	50	6	3	1	21	14	2	11	60	5	3
Shay Whitcomb	2b	26	0.125	0.125	0.219	32	4	0	0	1	4	1	0	0	10	0	0
Joey Wiemer	rf	26	0.236	0.279	0.436	55	13	2	0	3	7	12	2	2	23	0	0
Will Wilson	3b	26	0.192	0.267	0.244	78	15	4	0	0	7	2	1	7	34	2	0
Jack Winkler	2b	26	0.25	0.25	0.375	16	4	2	0	0	2	0	0	0	4	1	0
Brett Wisely*	2b	26	0	0.333	0	6	0	0	0	0	0	0	0	3	4	0	0
Brett Wisely*	2b	26	0.208	0.269	0.354	48	10	4	0	1	5	10	0	4	10	1	1
Jose Barrero	ss	27	0.138	0.194	0.276	29	4	1	0	1	4	3	1	1	9	0	0
Vidal Brujan#	ss	27	0.268	0.362	0.317	41	11	2	0	0	8	5	1	5	9	0	0
Vidal Brujan#	3b	27	0.222	0.234	0.289	45	10	3	0	0	6	3	0	1	12	2	1
Vidal Brujan#	cf	27	1	1	1	1	1	0	0	0	0	0	0	0	0	0	0
Gustavo Campero#	rf	27	0.172	0.273	0.345	58	10	1	0	3	9	8	3	5	14	4	1
Isaac Collins#	lf	27	0.263	0.368	0.411	372	98	22	3	9	56	54	6	57	93	16	7
Logan Davidson#	1b	27	0.167	0.222	0.286	42	7	2	0	1	3	4	0	3	22	0	0
Logan Davidson#	1b	27	0.182	0.182	0.364	22	4	1	0	1	2	2	0	0	10	0	0
Logan Davidson#	1b	27	0.15	0.261	0.2	20	3	1	0	0	1	2	0	3	12	0	0
Oliver Dunn*	3b	27	0.167	0.205	0.222	36	6	2	0	0	4	6	0	2	11	1	0
Oscar Gonzalez	lf	27	0.22	0.246	0.237	59	13	1	0	0	2	4	0	2	13	0	1
Matt Gorski	1b	27	0.195	0.214	0.39	41	8	0	1	2	2	4	0	1	16	0	1
Maverick Handley	c	27	0.073	0.133	0.073	41	3	0	0	0	2	3	1	2	18	0	0
Sam Huff	c	27	0.208	0.259	0.34	53	11	1	0	2	5	4	0	4	25	0	0
Jacob Hurtubise*	lf	27	0.083	0.267	0.083	12	1	0	0	0	3	0	2	1	6	0	0
Greg Jones#	rf	27	0	0	0	2	0	0	0	0	0	0	0	0	2	1	0
Jahmai Jones	dh	27	0.287	0.387	0.55	129	37	11	1	7	21	23	3	18	32	2	0
Carter Kieboom	1b	27	0.25	0.25	0.25	8	2	0	0	0	0	1	0	0	1	0	0
Christian Koss	2b	27	0.264	0.309	0.368	174	46	9	0	3	25	23	3	9	45	4	1
Ryan Kreidler	cf	27	0.105	0.19	0.105	38	4	0	0	0	5	0	0	4	19	2	0
Carson McCusker	rf	27	0.172	0.2	0.172	29	5	0	0	0	0	1	0	1	16	0	1
Drew Millas#	c	27	0.306	0.358	0.449	49	15	5	1	0	6	7	0	4	7	2	0
Kameron Misner*	cf	27	0.213	0.273	0.345	197	42	9	1	5	27	22	1	16	69	8	1
John Rave*	lf	27	0.196	0.283	0.307	153	30	5	0	4	18	14	1	18	46	7	2
Will Robertson*	lf	27	0.129	0.173	0.143	70	9	1	0	0	2	9	2	2	27	0	0
Will Robertson*	lf	27	0.133	0.159	0.15	60	8	1	0	0	2	8	1	1	20	0	0
Will Robertson*	lf	27	0.1	0.25	0.1	10	1	0	0	0	0	1	1	1	7	0	0
Ben Rortvedt*	c	27	0.224	0.309	0.327	49	11	2	0	1	7	4	2	4	9	0	0
Ben Rortvedt*	c	27	0.095	0.186	0.111	63	6	1	0	0	2	6	0	7	14	0	0
Jesus Sanchez*	lf	27	0.199	0.269	0.342	146	29	9	0	4	21	12	1	13	40	4	1
Jesus Sanchez*	rf	27	0.256	0.32	0.42	305	78	12	4	10	40	36	1	29	70	9	2
Tyler Tolbert	cf	27	0.28	0.321	0.38	50	14	2	0	1	19	6	3	1	11	21	2
Taylor Trammell*	cf	27	0.197	0.296	0.333	117	23	7	0	3	15	12	0	17	41	3	2
Andrew Vaughn	1b	27	0.189	0.218	0.314	185	35	8	0	5	9	19	0	7	43	0	0
Andrew Vaughn	1b	27	0.308	0.375	0.493	221	68	14	0	9	26	46	3	24	37	0	0
Sergio Alcantara#	3b	28	0	0	0	4	0	0	0	0	0	0	0	0	2	0	0
CJ Alexander*	1b	28	0.176	0.176	0.176	17	3	0	0	0	0	0	0	0	8	0	0
Luken Baker	dh	28	0.235	0.366	0.324	34	8	3	0	0	3	2	0	7	10	0	0
David Banuelos	c	28	0	0.5	0	1	0	0	0	0	0	0	1	0	1	0	0
Jose Caballero	ss	28	0.266	0.372	0.456	79	21	6	0	3	15	9	0	14	18	15	3
Jose Caballero	ss	28	0.226	0.327	0.311	235	53	12	1	2	37	27	3	33	80	34	8
Daz Cameron	rf	28	0.195	0.214	0.293	41	8	1	0	1	7	3	0	1	13	1	0
Vinny Capra	3b	28	0.125	0.157	0.177	96	12	2	0	1	10	6	1	3	25	2	0
Vinny Capra	ss	28	0.19	0.205	0.238	42	8	2	0	0	4	2	0	1	10	1	0
Vinny Capra	3b	28	0.074	0.121	0.13	54	4	0	0	1	6	4	1	2	15	1	0
Willi Castro#	rf	28	0.17	0.245	0.24	100	17	2	1	1	10	6	2	8	27	1	1
Willi Castro#	lf	28	0.245	0.335	0.407	302	74	15	2	10	48	27	9	32	84	9	3
Carlos Cortes*	rf	28	0.309	0.323	0.543	94	29	8	1	4	11	14	0	3	20	0	0
Blaine Crim	1b	28	0.2	0.27	0.462	65	13	2	0	5	10	12	1	6	28	0	0
Blaine Crim	1b	28	0	0.154	0	11	0	0	0	0	1	0	1	1	6	0	0
Blaine Crim	1b	28	0.241	0.295	0.556	54	13	2	0	5	9	12	0	5	22	0	0
Justin Dean	cf	28	0	0	0	2	0	0	0	0	0	0	0	0	1	1	0
Cam Devanney	3b	28	0.139	0.184	0.167	36	5	1	0	0	1	1	0	2	21	0	1
Rafael Devers*	dh	28	0.236	0.347	0.46	335	79	15	0	20	52	51	2	56	116	0	0
Rafael Devers*	dh	28	0.272	0.401	0.504	272	74	18	0	15	47	58	4	56	76	1	1
Nate Eaton	rf	28	0.296	0.348	0.383	81	24	4	0	1	16	4	1	6	19	9	2
Tristin English	1b	28	0.091	0.13	0.136	22	2	1	0	0	0	1	0	1	8	0	0
Hunter Feduccia*	c	28	0.148	0.267	0.205	88	13	5	0	0	5	8	0	15	29	1	0
Hunter Feduccia*	1b	28	0	0.333	0	2	0	0	0	0	0	0	0	1	1	0	0
Hunter Feduccia*	c	28	0.151	0.265	0.209	86	13	5	0	0	5	8	0	14	28	1	0
Nick Fortes	c	28	0.24	0.288	0.349	129	31	6	1	2	11	10	2	7	22	0	0
Nick Fortes	c	28	0.213	0.307	0.348	89	19	3	0	3	8	11	5	7	25	1	0
Ke'Bryan Hayes	3b	28	0.234	0.315	0.342	158	37	6	1	3	16	13	1	18	30	2	1
Ke'Bryan Hayes	3b	28	0.236	0.279	0.29	369	87	10	2	2	34	36	4	18	81	10	2
Keston Hiura	1b	28	0.222	0.333	0.278	18	4	1	0	0	3	1	3	0	7	0	0
Troy Johnston*	1b	28	0.277	0.331	0.42	112	31	2	1	4	12	13	1	8	26	2	2
Connor Kaiser	2b	28	0.111	0.158	0.167	18	2	1	0	0	1	2	0	1	5	0	0
DaShawn Keirsey*	rf	28	0.107	0.138	0.179	84	9	0	0	2	11	6	1	2	33	10	3
Brandon Lockridge	lf	28	0.231	0.276	0.299	134	31	7	1	0	17	11	1	8	36	10	1
Brandon Lockridge	lf	28	0.216	0.258	0.261	88	19	4	0	0	9	5	1	4	24	8	1
Brandon Lockridge	rf	28	0.261	0.308	0.37	46	12	3	1	0	8	6	0	4	12	2	0
Willie MacIver	c	28	0.186	0.252	0.324	102	19	5	0	3	7	9	2	7	27	3	0
Nick Maton*	dh	28	0.167	0.286	0.315	54	9	2	0	2	5	4	0	9	19	0	1
Owen Miller	2b	28	0.143	0.294	0.143	14	2	0	0	0	0	1	1	2	4	1	0
Coco Montes	2b	28	0.2	0.2	0.2	10	2	0	0	0	0	1	0	0	3	0	0
Josh Naylor*	1b	28	0.299	0.341	0.49	194	58	10	0	9	32	33	2	11	34	19	0
Josh Naylor*	1b	28	0.292	0.36	0.447	349	102	19	1	11	49	59	2	37	49	11	2
James Outman*	cf	28	0.103	0.205	0.282	39	4	1	0	2	8	4	1	4	18	0	0
James Outman*	cf	28	0.147	0.221	0.337	95	14	4	1	4	11	7	1	8	45	1	0
Yohel Pozo	c	28	0.231	0.262	0.375	160	37	8	0	5	16	19	0	7	22	0	0
Ali Sanchez	c	28	0	0	0	2	0	0	0	0	0	0	0	0	1	0	0
Ali Sanchez	c	28	0.238	0.238	0.333	21	5	2	0	0	2	0	0	0	5	0	0
Hayden Senger	c	28	0.181	0.221	0.194	72	13	1	0	0	8	4	1	3	22	0	0
Cal Stevenson*	cf	28	0.25	0.25	0.25	8	2	0	0	0	0	1	0	0	2	0	0
C.J. Stubbs	c	28	0	0	0	3	0	0	0	0	0	0	0	0	0	0	0
Terrin Vavra*	2b	28	0	0	0	1	0	0	0	0	0	0	0	0	0	0	0
David Villar	1b	28	0.2	0.36	0.25	20	4	1	0	0	4	1	1	4	5	0	0
Luke Williams	ss	28	0.129	0.176	0.194	31	4	2	0	0	5	5	1	1	9	5	0
Drew Avans*	lf	29	0.118	0.111	0.118	17	2	0	0	0	1	1	0	0	6	1	0
Drew Avans*	lf	29	0	0	0	2	0	0	0	0	0	1	0	0	1	0	0
Drew Avans*	lf	29	0.133	0.133	0.133	15	2	0	0	0	1	0	0	0	5	1	0
Jose Azocar	lf	29	0.263	0.333	0.263	19	5	0	0	0	5	1	0	2	1	1	0
Jose Azocar	rf	29	0	0	0	1	0	0	0	0	0	0	0	0	0	0	0
Jose Azocar	lf	29	0.278	0.35	0.278	18	5	0	0	0	5	1	0	2	1	1	0
Sean Bouchard	rf	29	0.167	0.247	0.242	66	11	0	1	1	7	7	0	7	27	1	1
Jonah Bride	3b	29	0.208	0.275	0.236	72	15	2	0	0	4	3	1	6	24	0	0
Jonah Bride	dh	29	0.1	0.2	0.1	40	4	0	0	0	3	2	0	5	15	0	0
Trenton Brooks*	dh	29	0.146	0.186	0.268	41	6	2	0	1	5	2	0	2	13	0	0
Kody Clemens*	lf	29	0	0.143	0	6	0	0	0	0	0	0	0	1	0	0	0
Kody Clemens*	1b	29	0.216	0.284	0.442	342	74	12	4	19	46	52	5	28	93	5	1
Mickey Gasper#	c	29	0.158	0.257	0.232	95	15	1	0	2	15	11	3	10	20	2	0
Tristan Gray*	2b	29	0.231	0.282	0.41	78	18	5	0	3	9	9	0	6	19	0	0
Michael Helman	cf	29	0.232	0.29	0.455	99	23	5	1	5	18	20	1	7	21	4	0
Brewer Hicklen	cf	29	0.667	0.75	0.667	3	2	0	0	0	2	0	0	1	1	1	0
Derek Hill	cf	29	0.286	0.375	0.286	7	2	0	0	0	0	1	1	0	2	0	0
Derek Hill	cf	29	0.213	0.275	0.331	127	27	6	0	3	19	10	2	9	46	7	0
Alex Jackson	c	29	0.22	0.29	0.473	91	20	8	0	5	17	8	4	5	37	0	0
Bryce Johnson#	lf	29	0.342	0.383	0.434	76	26	4	0	1	9	8	2	3	19	4	1
Daniel Johnson*	cf	29	0.189	0.246	0.302	53	10	3	0	1	13	1	0	4	13	2	1
Daniel Johnson*	cf	29	0.172	0.226	0.345	29	5	2	0	1	5	1	0	2	8	1	0
Daniel Johnson*	cf	29	0.208	0.269	0.25	24	5	1	0	0	8	0	0	2	5	1	1
Corey Julks	lf	29	0.25	0.231	0.417	12	3	2	0	0	2	1	0	0	3	0	0
Ha-Seong Kim	ss	29	0.253	0.316	0.368	87	22	1	0	3	14	12	1	8	16	0	1
Ha-Seong Kim	ss	29	0.214	0.29	0.321	84	18	3	0	2	5	5	1	8	23	6	1
Nathaniel Lowe*	1b	29	0.28	0.37	0.42	100	28	6	1	2	14	16	1	15	29	0	0
Nathaniel Lowe*	1b	29	0.216	0.292	0.373	440	95	17	2	16	50	68	1	47	130	1	0
Jake Mangum#	lf	29	0.296	0.33	0.368	405	120	18	1	3	37	40	2	19	64	27	6
Miles Mastrobuoni*	3b	29	0.25	0.324	0.296	152	38	4	0	1	20	12	0	17	29	6	3
Ryan Noda*	1b	29	0.106	0.276	0.17	47	5	0	0	1	3	2	0	11	25	1	0
Ryan Noda*	rf	29	0.154	0.214	0.154	13	2	0	0	0	0	1	0	1	6	1	0
Ryan Noda*	1b	29	0.088	0.295	0.176	34	3	0	0	1	3	1	0	10	19	0	0
Joshua Palacios*	rf	29	0.203	0.292	0.305	128	26	4	0	3	11	9	4	12	36	0	0
Jhonny Pereda	c	29	0.246	0.325	0.333	69	17	6	0	0	4	4	0	8	21	0	0
Jhonny Pereda	c	29	0.345	0.387	0.483	29	10	4	0	0	1	1	0	2	8	0	0
Jhonny Pereda	c	29	0.175	0.283	0.225	40	7	2	0	0	3	3	0	6	13	0	0
Logan Porter	c	29	0.143	0.333	0.143	7	1	0	0	0	2	1	1	1	2	0	0
Amed Rosario	3b	29	0.303	0.303	0.485	33	10	3	0	1	1	5	0	0	9	0	0
Amed Rosario	3b	29	0.27	0.31	0.426	148	40	8	0	5	19	18	2	7	22	1	0
Alan Trejo	ss	29	0.175	0.19	0.225	40	7	2	0	0	3	1	0	1	7	0	0
Jared Young*	dh	29	0.186	0.234	0.488	43	8	1	0	4	5	6	1	2	16	0	0
Miguel Andujar	dh	30	0.359	0.4	0.544	103	37	7	0	4	14	17	1	6	19	0	0
Miguel Andujar	3b	30	0.298	0.329	0.436	218	65	10	1	6	22	27	0	11	30	1	0
Orlando Arcia	ss	30	0.194	0.219	0.226	31	6	1	0	0	1	1	0	1	8	0	0
Orlando Arcia	3b	30	0.203	0.242	0.302	172	35	6	1	3	12	12	0	9	39	0	1
Alex Call	lf	30	0.247	0.333	0.384	73	18	4	0	2	13	5	0	10	19	1	0
Alex Call	rf	30	0.274	0.371	0.386	197	54	9	2	3	30	26	6	26	36	1	1
Carlos Correa	3b	30	0.29	0.355	0.43	200	58	10	0	6	23	21	1	19	45	0	0
Carlos Correa	ss	30	0.267	0.319	0.386	337	90	19	0	7	40	31	0	26	68	0	0
J.C. Escarra*	c	30	0.202	0.296	0.333	84	17	5	0	2	5	11	1	11	14	1	0
Freddy Fermin	c	30	0.244	0.278	0.339	127	31	6	0	2	15	14	0	6	28	0	0
Freddy Fermin	c	30	0.255	0.309	0.339	192	49	7	0	3	17	12	2	13	37	1	2
Jake Fraley*	rf	30	0.304	0.333	0.348	23	7	1	0	0	2	0	0	1	8	0	1
Jake Fraley*	rf	30	0.232	0.332	0.387	168	39	8	0	6	29	23	1	24	41	4	2
Ty France	1b	30	0.251	0.32	0.357	350	88	19	0	6	41	44	17	19	63	1	0
Ty France	1b	30	0.277	0.32	0.372	94	26	6	0	1	9	8	4	3	20	0	0
Garrett Hampson	lf	30	0.167	0.211	0.222	18	3	1	0	0	0	0	0	1	6	0	0
Garrett Hampson	cf	30	0.103	0.133	0.138	29	3	1	0	0	9	1	0	1	13	1	0
Garrett Hampson	2b	30	0.167	0.359	0.167	30	5	0	0	0	10	0	0	9	10	2	1
Cooper Hummel#	lf	30	0.17	0.298	0.273	88	15	0	0	3	10	7	2	14	31	1	0
Cooper Hummel#	lf	30	0.172	0.301	0.276	87	15	0	0	3	10	7	2	14	30	1	0
Cooper Hummel#	rf	30	0	0	0	1	0	0	0	0	0	0	0	0	1	0	0
Danny Jansen	c	30	0.254	0.346	0.433	67	17	3	0	3	10	7	1	9	18	0	0
Danny Jansen	c	30	0.204	0.314	0.389	221	45	8	0	11	28	29	3	33	68	0	0
Isiah Kiner-Falefa	ss	30	0.264	0.3	0.332	401	106	20	2	1	40	35	4	17	69	15	4
Isiah Kiner-Falefa	3b	30	0.233	0.258	0.367	30	7	1	0	1	5	5	1	0	8	0	0
Ramon Laureano	lf	30	0.269	0.323	0.489	182	49	9	2	9	27	30	2	13	47	3	1
Ramon Laureano	rf	30	0.29	0.355	0.529	259	75	17	0	15	45	46	6	22	72	4	3
Nicky Lopez*	3b	30	0.056	0.227	0.056	18	1	0	0	0	2	1	0	4	3	0	0
Nicky Lopez*	ss	30	0	0	0	6	0	0	0	0	0	0	0	0	1	0	0
Mason McCoy	ss	30	0.136	0.269	0.182	22	3	1	0	0	5	1	1	3	7	2	0
Billy McKinney*	rf	30	0.2	0.238	0.25	20	4	1	0	0	4	1	0	1	1	0	0
Ryan McMahon*	3b	30	0.208	0.308	0.333	159	33	8	0	4	20	18	3	21	62	1	0
Ryan McMahon*	3b	30	0.217	0.314	0.403	350	76	15	1	16	42	35	1	49	127	2	1
Cedric Mullins*	cf	30	0.182	0.284	0.281	121	22	4	1	2	16	10	2	16	35	8	0
Cedric Mullins*	cf	30	0.229	0.305	0.433	314	72	19	0	15	42	49	2	34	85	14	4
Brian Navarreto	c	30	0.286	0.267	0.643	14	4	2	0	1	3	5	0	0	3	0	0
Dom Nunez*	c	30	0.286	0.286	0.286	7	2	0	0	0	2	0	0	0	4	0	0
Chuckie Robinson	c	30	0	0	0	1	0	0	0	0	1	0	0	0	0	0	0
Zack Short	ss	30	0.22	0.291	0.38	50	11	2	0	2	9	7	1	4	18	0	1
Nick Solak	1b	30	0.091	0.091	0.091	11	1	0	0	0	0	0	0	0	2	0	0
Myles Straw	cf	30	0.262	0.313	0.367	267	70	14	1	4	51	32	1	19	50	12	1
Rowdy Tellez*	1b	30	0.208	0.249	0.434	173	36	6	0	11	20	27	2	8	49	1	0
Rowdy Tellez*	1b	30	0.259	0.315	0.457	116	30	5	0	6	14	22	1	9	34	0	0
Matt Thaiss*	c	30	0.212	0.382	0.294	85	18	4	0	1	11	8	1	23	21	1	1
Matt Thaiss*	c	30	0.225	0.304	0.282	71	16	2	1	0	5	8	2	6	25	0	0
Chadwick Tromp	c	30	0.143	0.182	0.333	21	3	1	0	1	2	1	0	1	6	0	0
Chadwick Tromp	c	30	0	0.167	0	5	0	0	0	0	0	0	0	1	2	0	0
Chadwick Tromp	c	30	0.188	0.188	0.438	16	3	1	0	1	2	1	0	0	4	0	0
Weston Wilson	lf	30	0.198	0.282	0.369	111	22	4	0	5	15	17	1	12	34	2	3
Harrison Bader	cf	31	0.305	0.361	0.463	177	54	11	1	5	30	16	4	12	55	1	3
Harrison Bader	lf	31	0.258	0.339	0.439	271	70	13	0	12	31	38	7	27	81	10	4
Ryan Fitzgerald*	ss	31	0.196	0.302	0.457	46	9	0	0	4	10	9	0	7	8	1	0
Sam Haggerty#	lf	31	0.253	0.328	0.37	162	41	7	3	2	31	13	2	16	37	12	4
Sam Hilliard*	lf	31	0.196	0.328	0.412	51	10	3	1	2	8	3	0	10	23	2	1
Scott Kingery	2b	31	0.148	0.207	0.185	27	4	1	0	0	3	0	0	2	11	1	1
Vimael Machin*	3b	31	0.091	0.167	0.364	11	1	0	0	1	1	1	0	1	2	0	0
Ryan O'Hearn*	1b	31	0.276	0.35	0.387	163	45	6	0	4	22	20	3	16	46	0	0
Ryan O'Hearn*	1b	31	0.283	0.374	0.463	311	88	15	1	13	45	43	5	42	63	3	1
Pablo Reyes	2b	31	0.194	0.242	0.226	31	6	1	0	0	4	2	0	2	10	1	0
Brett Sullivan*	c	31	0.167	0.333	0.167	6	1	0	0	0	1	2	1	1	3	0	0
Ramon Urias	2b	31	0.223	0.267	0.372	94	21	5	0	3	6	10	0	6	28	1	0
Ramon Urias	3b	31	0.248	0.3	0.388	258	64	12	0	8	27	34	2	21	60	2	0
LaMonte Wade*	1b	31	0.167	0.275	0.271	144	24	8	2	1	12	15	1	21	35	0	0
LaMonte Wade*	rf	31	0.169	0.26	0.215	65	11	0	0	1	7	3	2	6	23	1	0
Donovan Walton*	2b	31	0.125	0.125	0.125	8	1	0	0	0	1	1	0	0	1	0	0
Jorge Alfaro	c	32	0.256	0.256	0.308	39	10	2	0	0	3	3	0	0	14	1	0
Greg Allen#	cf	32	0	0	0	14	0	0	0	0	1	0	0	0	5	0	1
Dairon Blanco	cf	32	0.167	0.167	0.333	6	1	1	0	0	2	1	0	0	2	3	2
J.D. Davis	1b	32	0.111	0.111	0.111	9	1	0	0	0	0	0	0	0	3	0	0
Aramis Garcia	c	32	0	0	0	4	0	0	0	0	0	0	0	0	3	0	0
Connor Joe	rf	32	0.213	0.286	0.279	61	13	4	0	0	2	4	1	6	14	2	2
Connor Joe	1b	32	0	0.1	0	9	0	0	0	0	0	0	0	1	6	0	0
Dylan Moore	2b	32	0.201	0.267	0.374	219	44	5	0	11	35	25	1	20	82	14	5
Dylan Moore	2b	32	0.193	0.263	0.359	192	37	5	0	9	29	19	0	19	76	12	4
Dylan Moore	2b	32	0.259	0.3	0.481	27	7	0	0	2	6	6	1	1	6	2	1
Austin Slater	rf	32	0.236	0.299	0.423	123	29	6	1	5	20	11	0	11	35	1	0
Austin Slater	lf	32	0.12	0.12	0.12	25	3	0	0	0	2	2	0	0	16	0	0
Garrett Stubbs*	c	32	0	0	0	1	0	0	0	0	2	0	0	0	0	0	0
Adam Frazier*	2b	33	0.255	0.318	0.336	235	60	10	0	3	22	21	6	17	45	7	5
Adam Frazier*	2b	33	0.283	0.32	0.402	184	52	10	0	4	21	23	2	9	36	1	1
Randal Grichuk	rf	33	0.206	0.267	0.299	97	20	3	0	2	10	5	1	7	22	0	0
Randal Grichuk	dh	33	0.24	0.277	0.457	175	42	15	1	7	25	22	0	10	39	0	1
Enrique Hernandez	3b	33	0.203	0.255	0.366	232	47	8	0	10	30	35	0	18	68	0	0
Omar Narvaez*	c	33	0.286	0.4	0.286	7	2	0	0	0	1	3	0	2	1	0	0
Eddie Rosario*	rf	33	0.125	0.125	0.125	8	1	0	0	0	1	0	0	0	2	0	0
Eddie Rosario*	rf	33	0	0	0	4	0	0	0	0	1	0	0	0	2	0	0
Eddie Rosario*	rf	33	0.25	0.25	0.25	4	1	0	0	0	0	0	0	0	0	0	0
Eugenio Suarez	3b	33	0.189	0.255	0.428	201	38	9	0	13	27	31	1	17	79	3	1
Eugenio Suarez	3b	33	0.248	0.32	0.576	387	96	19	0	36	64	87	15	29	117	1	0
Gio Urshela	3b	33	0.238	0.287	0.326	181	43	14	1	0	10	20	0	13	40	0	1
Tyler Heineman#	c	34	0.289	0.361	0.416	149	43	8	1	3	25	20	6	12	31	2	0
Travis Jankowski*	rf	34	0.244	0.286	0.289	45	11	2	0	0	8	2	0	3	12	2	0
Travis Jankowski*	rf	34	0	0	0	0	0	0	0	0	1	0	0	0	0	0	0
Travis Jankowski*	rf	34	0.214	0.267	0.214	14	3	0	0	0	1	0	0	1	3	0	0
Travis Jankowski*	rf	34	0.258	0.294	0.323	31	8	2	0	0	6	2	0	2	9	2	0
Chris Taylor	rf	34	0.186	0.256	0.301	113	21	7	0	2	15	12	6	5	42	2	2
Chris Taylor	lf	34	0.2	0.2	0.257	35	7	2	0	0	4	2	0	0	13	0	1
Chris Taylor	rf	34	0.179	0.278	0.321	78	14	5	0	2	11	10	6	5	29	2	1
Austin Wynns	c	34	0.291	0.321	0.544	103	30	8	0	6	13	21	0	5	32	0	0
Austin Wynns	c	34	0.4	0.442	0.7	40	16	3	0	3	6	11	0	3	12	0	0
Austin Wynns	c	34	0.222	0.242	0.444	63	14	5	0	3	7	10	0	2	20	0	0
Mike Yastrzemski*	rf	34	0.231	0.33	0.355	321	74	14	1	8	38	28	1	47	86	6	2
Mike Yastrzemski*	rf	34	0.237	0.339	0.5	156	37	14	0	9	30	18	1	25	22	1	0
Jon Berti	3b	35	0.21	0.262	0.23	100	21	2	0	0	12	2	2	5	22	11	3
Rob Brantly*	c	35	0.429	0.429	0.429	7	3	0	0	0	0	1	0	0	1	0	0
Jason Heyward*	lf	35	0.176	0.223	0.271	85	15	2	0	2	9	12	0	6	20	0	1
Nick Martini*	dh	35	0.225	0.288	0.294	102	23	4	0	1	9	4	0	9	18	0	0
Austin Nola	c	35	0.184	0.225	0.211	38	7	1	0	0	2	1	0	2	5	0	0
Jacob Stallings	c	35	0.114	0.139	0.143	35	4	1	0	0	1	3	0	1	9	0	0
Jacob Stallings	c	35	0.143	0.217	0.179	84	12	3	0	0	4	6	3	5	31	0	0
Sandy Leon#	c	36	0.083	0.083	0.333	12	1	0	0	1	1	3	0	0	4	0	0
Donovan Solano	1b	37	0.252	0.295	0.344	163	41	4	1	3	10	21	3	8	38	0	0
Donovan Solano	2b	37	0	0	0	3	0	0	0	0	0	0	0	0	2	0	0
Carlos Santana#	1b	39	0.105	0.105	0.158	19	2	1	0	0	0	2	0	0	5	0	0
Carlos Santana#	1b	39	0.225	0.316	0.333	396	89	10	0	11	49	52	3	52	86	7	0
Yuli Gurriel	dh	41	0.111	0.2	0.139	36	4	1	0	0	2	3	0	4	8	0	0
